------------- Game Load -------------
repeat task.wait(); until game:IsLoaded();

------------- Super Global -------------

GG = (getgenv and getgenv()) or _G or shared or false;
GG.GG = GG;

if not GG then
    game:GetService("Players"):Kick("GG not found. Please report this bug in discord server and tell us your executor.");
end;

if not GG.AlreadyLoadMain then
    for i=1, 3 do
        
        local GlobalOneRunCall, GlobalOneRunError = pcall(function()
            GG.setc = setclipboard or toclipboard;
            GG.tos = tostring;
            GG.ton = tonumber;
            GG.tablein = table.insert;
            GG.tablecl = table.clear;
            GG.tablef = table.find;
            GG.print = print;
            GG.tk = task;
            GG.tspawn = tk.spawn;
            GG.twait = tk.wait;
            GG.tdelay = task.delay;
            GG.wait = wait;
            GG.Vec3 = Vector3.new;
            GG.CF = CFrame.new;
            GG.str = string;
            GG.strgsub = str.gsub;
            GG.strsub = str.sub;
            GG.strfind = str.find;
            GG.strlen = str.len;
            GG.pir = pairs;
            GG.pcal = pcall;
            GG.Instancen = Instance.new;
            GG.tick = tick;
            GG.delay = delay;
            GG.mfloor = math.floor;
            GG.tabler = table.remove;
            GG.fromRGB = Color3.fromRGB;
            GG.ipairs = ipairs;

            GG.IsA = function(a,b)
                return a:IsA(b);
            end;

            GG.GetAttribute = function(a,b)
                return a:GetAttribute(b);
            end;
            GG.SetAttribute = function(a,b,c)
                a:SetAttribute(b,c)
            end;

            GG.FindFirstChild = function(a,b,c)
                return a:FindFirstChild(b,c or nil);
            end;
            GG.FindFirstChildOfClass = function(a,b)
                return a:FindFirstChildOfClass(b);
            end;
            GG.FindFirstChildWhichIsA = function(a,b,c)
                return a:FindFirstChildWhichIsA(b,c or nil);
            end;

            GG.GetService = function(a)
                return game:GetService(a);
            end;

            GG.GetChildren = function(a)
                return a:GetChildren();
            end;

            GG.GetDescendants = function(a)
                return a:GetDescendants();
            end;

            GG.WaitForChild = function(a,b)
                return a:WaitForChild(b);
            end;

            tempwait = GG.twait;
            GG.twait = function(time)
                if time and time > 0 then
                    tempwait(time);
                else
                    if time == nil then
                        tempwait(time);
                    end;
                    return 0;
                end;
            end;

            GG.VirtualInputManager = GetService('VirtualInputManager');
            GG.VU = GetService("VirtualUser");
            GG.T = GetService("TeleportService");
            GG.HttpService = GetService("HttpService");
            GG.W = GetService("Workspace");
            GG.P = GetService("Players");
            GG.L = GetService("Lighting");
            GG.C = GetService("CoreGui");
            GG.StarterGui = GetService("StarterGui");
            GG.H = GetService("RunService");
            GG.R = GetService("ReplicatedStorage");
            GG.TweenService = GetService("TweenService");
            GG.Cam = WaitForChild(W, "Camera");
            GG.selff = P.LocalPlayer;
            GG.Backpack = selff.Backpack;
            GG.PSG = WaitForChild(selff, "PlayerGui");
            GG.CollectionService = GetService("CollectionService");
            GG.selc = selff.Character;

            GG.cmdm = selff:GetMouse();

            GG.Kick = function(a)
                return selff:Kick(tos(a));
            end;

            GG.Tp2 = function(a)
                selff.Character.HumanoidRootPart.CFrame = a;
                return true;
            end;

            GG.BlackExec = false;

            local Iden=nil; 
            pcal(function() 
                Iden = identifyexecutor();
            end);

            IdentifyList = {
                "Solara";
                "Real";
                "Private__Win0";
            };

            if tablef(IdentifyList, Iden) then
                BlackExec = true;
            end;
            if strfind(Iden, "Xeno") then
                BlackExec = true;
            end;

            GG.GameId = game.GameId;
            GG.PlaceId = game.PlaceId;

            GG.Destroy = function(a)
                return a:Destroy(true);
            end;

            GG.EnCodeJ = function(obj)
                return HttpService:JSONEncode(obj);
            end;
            GG.DeCodeJ = function(obj)
                return HttpService:JSONDecode(obj);
            end;

            GG.HttpGet = function(url, a)
                return game:HttpGet(url, a or nil);
            end;

            GG.loadsource = function(source)
                for i=1, 3 do
                    local OneRunC, OneRunE = pcal(function()
                        loadstring(source)();
                    end);
                    if OneRunC then
                        break; 
                    end;
                    twait(2);
                end;
            end;

            GG.setfps = function(a)
                return setfpscap(ton(a));
            end;

            GG.SetCore = function(a,b,c)
                StarterGui:SetCore("SendNotification", {Title = a,
                    Text = b,
                    Duration = c
                });
            end;

            --GG.LowKeyFile = hookfunction or hookfunc;

        end);

        if GlobalOneRunCall then
            GG.AlreadyLoadMain = true;
            break;
        else
            if i == 3 then
                game:GetService("Players"):Kick("Please report this bug to discord server and provide your executor. : " .. GlobalOneRunError);
            end;
        end;
    end;
end;

------------- UI Updater -------------

if not isfolder or not isfile or not makefolder or not writefile or not readfile then
    Kick("Your executor doesn't support file system.");
end;

if not isfolder("FlowXS") then
    makefolder("FlowXS");
end;
if not isfile("FlowXS/UIUpdater.lua") then
    if isfile("FlowXS/UI_P.lua") then
        delfile("FlowXS/UI_P.lua");
        writefile("FlowXS/UIUpdater.lua", "Verified by TTJY");
    else
        writefile("FlowXS/UIUpdater.lua", "Verified by TTJY");
    end;
end;

------------- Bypasser -------------

--[[
RequestBypasFailed = {}; RequestBypasSuccess = {};
pcall(function()
    local A, B = pcall(function() local OldNamecall; OldNamecall = hookmetamethod(game, "__namecall", function(self, ...) if getnamecallmethod() == "FireServer" then if tostring(self) == "Sender2" or tostring(self) == "Sender" then return wait(9e9); end; end; return OldNamecall(self, ...); end); end);
    if not A then table.insert(RequestBypasFailed, tostring(B));
    elseif A then table.insert(RequestBypasSuccess, "Yeah I was here"); end;
end);
pcall(function() if isfunctionhooked(clonefunction(request)) then while true do end; end; end); VerifiedGame = false;
pcall(function()
    local RunService = game:GetService("RunService"); local frameCount = 0; local startTime = tick();
    local lastTime = tick(); local connection;
    connection = RunService.RenderStepped:Connect(function() frameCount = frameCount + 1; local currentTime = tick(); local deltaTime = currentTime - lastTime; local elapsedTime = currentTime - startTime; if deltaTime >= 1 then local fps = frameCount / deltaTime; frameCount = 0; lastTime = currentTime; if fps > 40 or elapsedTime > 20 then connection:Disconnect(); connection = nil; end; end; end);
    repeat task.wait(); until connection == nil
end); task.wait();
--]]

if GameId == 5750914919 and FindFirstChild(R, "GameAnalyticsError") then
    if LowKeyFile then 
        pcal(function()
            LowKeyFile(game:GetService("ContentProvider").PreloadAsync, function(self , args)
                return 'Flow on Top'
            end);
        end);
        pcal(function()
            LowKeyFile(game.GetService(game, "ContentProvider").PreloadAsync, function(self , args)
                return 'Flow on Top'
            end); 
        end);
    end;
    
    --R.GameAnalyticsError.Name = "!2\n!\n?Protectec?Flow?By?\n+%\n*-Software\tSpecial";
end;

if BlackExec then
    if GameId == 5750914919 then
        GG.Locations={All={Name="Every",Banner="rbxassetid://18310847126",Color=Color3.fromRGB(255,255,255),BadgeId=635398639427099,Bobber="Aurora",Rewards={Coins=10000,Xp=10000}},Moosewood={Name="Moosewood Island",Banner="rbxassetid://18310954523",Color=Color3.fromRGB(255,94,94),BadgeId=3871316346306270,Bobber="Rubber Ducky",Rewards={Coins=2000,Xp=2000}},["Keepers Altar"]={Name="Keepers Altar",Banner="rbxassetid://131504032544120",Color=Color3.fromRGB(63,71,185),BadgeId=772547227400435,Bobber="Skeleton",Rewards={Coins=1750,Xp=1750}},Roslit={Name="Roslit Bay",Banner="rbxassetid://18542406497",Color=Color3.fromRGB(255,160,64),BadgeId=225841574756551,Bobber="Fake Pufferfish",Rewards={Coins=2000,Xp=2000}},["Roslit Volcano"]={Name="Roslit Volcano",Banner="rbxassetid://108037427819021",Color=Color3.fromRGB(255,160,64),BadgeId=4479912445209985,Bobber="Lava",Rewards={Coins=2000,Xp=2000}},Terrapin={Name="Terrapin Island",Banner="rbxassetid://18791315983",Color=Color3.fromRGB(87,255,143),BadgeId=2994442057572213,Bobber="Mini Terrapin",Rewards={Coins=2000,Xp=2000}},Mushgrove={Name="Mushgrove Swamp",Banner="rbxassetid://18952253458",Color=Color3.fromRGB(150,255,102),BadgeId=4343979385420841,Bobber="Mushroom",Rewards={Coins=2000,Xp=2000}},Sunstone={Name="Sunstone Island",Banner="rbxassetid://108032910283682",Color=Color3.fromRGB(255,236,129),BadgeId=2903347774735091,Bobber="Sun",Rewards={Coins=2000,Xp=2000}},Snowcap={Name="Snowcap Island",Banner="rbxassetid://101454347375454",Color=Color3.fromRGB(165,255,214),BadgeId=4101868524305507,Bobber="Frozen",Rewards={Coins=2000,Xp=2000}},Ocean={Name="Ocean",Banner="rbxassetid://18310945663",Color=Color3.fromRGB(161,199,255),BadgeId=1045860405568363,Bobber="Anchor",Rewards={Coins=2000,Xp=2000}},Vertigo={Name="Vertigo",Banner="rbxassetid://18952306740",Color=Color3.fromRGB(127,110,255),BadgeId=3200076862852988,Bobber="Vertigo Rock",Rewards={Coins=2000,Xp=2000}},["Desolate Deep"]={Name="Desolate Deep",Banner="rbxassetid://81573600788931",Color=Color3.fromRGB(151,187,255),BadgeId=3161443122784523,Bobber="Infested",Rewards={Coins=2000,Xp=2000}},["Brine Pool"]={Name="Brine Pool",Banner="rbxassetid://86510876700490",Color=Color3.fromRGB(140,255,140),BadgeId=1535329670769985,Bobber="Brine",Rewards={Coins=2000,Xp=2000}},["Forsaken Shores"]={Name="Forsaken Shores",Banner="rbxassetid://124958348694122",Color=Color3.fromRGB(97,73,67),BadgeId=3591399443042848,Bobber="Pirate Wheel",Rewards={Coins=2000,Xp=2000}},["The Depths"]={Name="The Depths",Banner="rbxassetid://115528091268474",Color=Color3.fromRGB(97,37,37),BadgeId=2042505003241970,Bobber="Nautilis Shell",Rewards={Coins=2000,Xp=2000}},["Ancient Isle"]={Name="Ancient Isle",Banner="rbxassetid://79846684203518",Color=Color3.fromRGB(140,255,194),BadgeId=2054807830474099,Bobber="Amber",Rewards={Coins=50000,Xp=10000}},["Ancient Archives"]={Name="Ancient Archives",Banner="rbxassetid://89908035795264",Color=Color3.fromRGB(56,84,41),BadgeId=1666493813690822,Bobber="Ancient Book",Rewards={Coins=5000,Xp=2500}},["Overgrowth Caves"]={Name="Overgrowth Caves",Banner="rbxassetid://105298630049350",Color=Color3.fromRGB(1,161,185),BadgeId=272078520028439,Bobber="Frozen Rubber Ducky",Rewards={Coins=5000,Xp=2500}},["Frigid Cavern"]={Name="Frigid Cavern",Banner="rbxassetid://89444673055559",Color=Color3.fromRGB(1,161,185),BadgeId=843774301770016,Bobber="Frozen Rubber Ducky",Rewards={Coins=5000,Xp=2500}},["Cryogenic Canal"]={Name="Cryogenic Canal",Banner="rbxassetid://117435163084140",Color=Color3.fromRGB(1,161,185),BadgeId=4189906956026791,Bobber="Frozen Rubber Ducky",Rewards={Coins=5000,Xp=2500}},["Glacial Grotto"]={Name="Glacial Grotto",Banner="rbxassetid://117435163084140",Color=Color3.fromRGB(1,161,185),BadgeId=1396071619017862,Bobber="Frozen Rubber Ducky",Rewards={Coins=5000,Xp=2500}},["Grand Reef"]={Name="Grand Reef",Banner="rbxassetid://115456199795193",Color=Color3.fromRGB(59,185,116),BadgeId=968483808853747,Bobber="Coral Reef",Rewards={Coins=5000,Xp=2500}},["Atlantean Storm"]={Name="Atlantean Storm",Banner="rbxassetid://102684908625295",Color=Color3.fromRGB(52,106,191),BadgeId=32642745294476,Rewards={Coins=5000,Xp=2500}},Atlantis={Name="Atlantis",Banner="rbxassetid://115456199795193",Color=Color3.fromRGB(0,200,255),BadgeId=2070428894950149,Bobber="Coral Reef",Rewards={Coins=5000,Xp=2500}},["Archeological Site"]={Name="Archeological Site",Banner="rbxassetid://71112448286941",Color=Color3.fromRGB(231,241,32),Hide=true,Limited=true,Rewards={Coins=0,Xp=0}},FischFright={Name="FischFright",Banner="rbxassetid://73235985228051",Color=Color3.fromRGB(85,0,255),Hide=true,Limited=true,Rewards={Coins=0,Xp=0}},Fischgiving={Name="Fischgiving",Banner="rbxassetid://133466398979921",Color=Color3.fromRGB(220,94,21),Hide=true,Limited=true,Rewards={Coins=0,Xp=0}},Fischmas={Name="Fischmas",Banner="rbxassetid://137233586307916",Color=Color3.fromRGB(255,88,94),Hide=true,Limited=true,Rewards={Coins=0,Xp=0}},["Winter's Edge"]={Name="Winter's Edge",Banner="rbxassetid://102684908625295",Color=Color3.fromRGB(255,88,94),Hide=true,Limited=true,Rewards={Coins=0,Xp=0}},["Golden Tide"]={Name="Golden Tide",Banner="rbxassetid://102684908625295",Color=Color3.fromRGB(255,88,94),Hide=true,Limited=true,Rewards={Coins=0,Xp=0}}};
    end;
end;

if GameId == 5750914919 then
    GG.Item_2 = {"Bait Crate", "Quality Bait Crate", "Coral Geode", "Common Crate", "Crab Cage", "Carbon Crate"};
    GG.Zone = {
        ["Moosewood_1"] = CF(283.498962, 133.856842, 216.238113, 0.0167723503, 5.91524234e-08, 0.999859333, 5.47429551e-08, 1, -6.00790457e-08, -0.999859333, 5.57429232e-08, 0.0167723503);
        ["Moosewood_2"] = CF(521.075134, 150.999878, 314.390381, 0.416897535, -4.41081269e-08, -0.908953488, 1.94144185e-08, 1, -3.96217246e-08, 0.908953488, -1.12860454e-09, 0.416897535);
        ["Moosewood_3"] = CF(538.525879, 150.40094, 340.174438, 0.99925828, 1.42387844e-08, -0.0385079719, -1.48330139e-08, 1, -1.51456447e-08, 0.0385079719, 1.57056004e-08, 0.99925828);
        ["Moosewood_4"] = CF(695.762451, 134.175659, 349.255981, -0.993386745, 1.44744989e-08, -0.114816502, 2.05697912e-08, 1, -5.1902461e-08, 0.114816502, -5.39209672e-08, -0.993386745);
        ["RoslitBay_1"] = CF(-1432.88269, 137, 440.019043, -0.945476353, -8.84825013e-08, 0.325690776, -9.97792569e-08, 1, -1.79815434e-08, -0.325690776, -4.94983077e-08, -0.945476353);
        ["RoslitBay_2"] = CF(-1519.4187, 132.999985, 611.464722, 0.947730184, -9.5833613e-08, -0.319072783, 1.06220938e-07, 1, 1.51538444e-08, 0.319072783, -4.82539662e-08, 0.947730184);
        ["Forsaken_1"] = CF(-1519.4187, 132.999985, 611.464722, 0.947730184, -9.5833613e-08, -0.319072783, 1.06220938e-07, 1, 1.51538444e-08, 0.319072783, -4.82539662e-08, 0.947730184);
        ["Forsaken_2"] = CF(-2697.84204, 164.649979, 1732.07178, -0.998026669, 2.57026667e-08, -0.06279172, 2.00075387e-08, 1, 9.13274789e-08, 0.06279172, 8.98909533e-08, -0.998026669);
        ["Forsaken_3"] = CF(-3145.73633, 136.357162, 1436.14978, 0.104526103, 1.15261898e-08, -0.994522154, 6.84256776e-08, 1, 1.87813409e-08, 0.994522154, -7.00139964e-08, 0.104526103);
        ["Terrapin_1"] = CF(-65.5967102, 131.846298, 2028.3031, 0.774946332, -7.7716507e-08, 0.63202703, 9.37000237e-08, 1, 8.07563527e-09, -0.63202703, 5.29627613e-08, 0.774946332);
        ["Terrapin_2"] = CF(62.7297707, 132.597656, 2151.86523, -0.632021129, 1.12834397e-09, -0.77495116, 7.92762975e-08, 1, -6.31987618e-08, 0.77495116, -1.01378212e-07, -0.632021129);
        ["Terrapin_3"] = CF(113.284637, 132.656128, 1974.19946, -0.0139601948, -1.16684319e-07, 0.999902546, 1.63078013e-08, 1, 1.16923374e-07, -0.999902546, 1.79384845e-08, -0.0139601948);
        ["Snowcap_1"] = CF(2334.0271, 130.587448, 2225.48999, 0.955278933, 1.39154004e-08, -0.295706302, -1.33637297e-08, 1, 3.8866661e-09, 0.295706302, 2.38888687e-10, 0.955278933);
        ["Snowcap_2"] = CF(2563.25854, 135.182068, 2390.80005, 0.858964801, 8.32402147e-09, -0.512034655, -1.0884615e-08, 1, -2.0027533e-09, 0.512034655, 7.29359462e-09, 0.858964801);
        ["Snowcap_3"] = CF(2598.15698, 133, 2467.75513, -0.821148813, -3.06451682e-08, 0.570714176, -1.88145197e-08, 1, 2.66256706e-08, -0.570714176, 1.11259242e-08, -0.821148813);
        ["Snowcap_4"] = CF(2820.05859, 130.471161, 2690.31006, 0.564968526, -2.55733212e-08, -0.825112462, 8.68161791e-08, 1, 2.84507724e-08, 0.825112462, -8.77069013e-08, 0.564968526);
        ["MushgroveSwamp_1"] = CF(2664.05615, 132.178925, -692.301331, 0.75241971, -2.22515073e-08, -0.658684015, 3.1089975e-08, 1, 1.73255033e-09, 0.658684015, -2.17820748e-08, 0.75241971);
        ["MushgroveSwamp_2"] = CF(2677.8252, 130.05574, -806.638, 0.995228648, -3.65024313e-08, 0.0975701883, 3.49787967e-08, 1, 1.73263182e-08, -0.0975701883, -1.38307605e-08, 0.995228648);
        ["MushgroveSwamp_3"] = CF(2533.28638, 130.999985, -795.954285, 0.361620516, -1.63204816e-09, -0.932325363, -6.25728944e-08, 1, -2.60206274e-08, 0.932325363, 6.77478909e-08, 0.361620516);
        ["MushgroveSwamp_4"] = CF(2476.59888, 130.999985, -790.893982, 0.714479268, -5.94366112e-09, 0.699656606, 5.0989839e-09, 1, 3.28810246e-09, -0.699656606, 1.21825661e-09, 0.714479268);
        ["TheDepth_1"] = CF(868.38501, -737.915894, 1234.53503, -0.0645324588, 3.92331723e-09, 0.997915626, 8.03360365e-08, 1, 1.26359867e-09, -0.997915626, 8.02501248e-08, -0.0645324588);
        ["AncientIsle_1"] = CF(5803.7085, 135.301514, 403.887207, 0.88149184, -2.09580122e-08, -0.472199261, 9.63484137e-09, 1, -2.63977089e-08, 0.472199261, 1.8719799e-08, 0.88149184);
        ["AncientIsle_2"] = CF(6039.42334, 196.477173, 338.404175, -0.24570477, 6.56686865e-08, 0.969344735, -6.99778653e-08, 1, -8.54830944e-08, -0.969344735, -8.88362806e-08, -0.24570477);
        ['Atlantis'] = CF(-4219.28613, -603.4599, 1727.44299, 0.782217741, 8.9763148e-08, -0.623005152, -7.16942239e-08, 1, 5.4064806e-08, 0.623005152, 2.37542008e-09, 0.782217741);
        ['Kraken Pool'] = CF(-4376.52539, -996.260559, 2054.55005, -0.19664368, -3.88386994e-08, -0.980475008, 6.39998348e-08, 1, -5.24479091e-08, 0.980475008, -7.30637879e-08, -0.19664368);
        ['Ethereal Abyss'] = CF(-3718.89746, -566.771851, 1811.18457, -0.18944037, 5.03528907e-09, 0.981892228, 2.63351208e-08, 1, -4.72087647e-11, -0.981892228, 2.58493067e-08, -0.18944037);
        ['Zeus Rod Room'] = CF(-4299.68066, -628.074219, 2689.90991, -0.892878711, -1.01706441e-07, -0.450297236, -8.64279528e-08, 1, -5.44901404e-08, 0.450297236, -9.73481828e-09, -0.892878711);
        ['Sunken Depth'] = CF(-4941.42236, -589.769226, 1808.7168, -0.587794065, 1.060099e-07, 0.809010625, 7.80769156e-08, 1, -7.43089785e-08, -0.809010625, 1.94866772e-08, -0.587794065);
        ['Poseidon Temple'] = CF(-3971.09766, -554.226868, 901.213074, -0.745943964, 7.8467103e-08, 0.666008711, 2.84226047e-08, 1, -8.59830038e-08, -0.666008711, -4.52088003e-08, -0.745943964);
    };

    GG.ZoneList = {};
    for _, v in pir(Zone) do
        tablein(ZoneList, _);
    end;
end;

------------- Varaibles/Functions -------------
GG.ALLVersion = (isfile("FlowXSVersion.json") and readfile("FlowXSVersion.json")) and DeCodeJ(readfile("FlowXSVersion.json")) or {["MagicCity"] = true};
if ALLVersion["MainLoader"] == nil then
    ALLVersion["MainLoader"] = tos(tick());
end;

------------- Source Loader -------------
srcName = "https://raw.githubusercontent.com/Yumiara/Overflow/refs/heads/main/API_P";
if tick() - ton(ALLVersion["MainLoader"]) >= 600 then
    SourceXS = HttpGet(srcName);
    writefile("FlowXS/API_P.lua", SourceXS);

    ALLVersion["MainLoader"] = tos(tick());

    ContentsXSV = EnCodeJ(ALLVersion);

    writefile("FlowXSVersion.json", ContentsXSV);
    warn("[Flow] : Loaded API_P from github via auto update");

    loadstring(SourceXS)();
else
    if isfolder("FlowXS") then
        APISource = isfile("FlowXS/API_P.lua") and readfile("FlowXS/API_P.lua");

        if not APISource or not isfile("FlowXSVersion.json") then
            SourceXS = HttpGet(srcName);
            writefile("FlowXS/API_P.lua", SourceXS);

            ALLVersion["MainLoader"] = tos(tick());
            ContentsXSV = EnCodeJ(ALLVersion);

            writefile("FlowXSVersion.json", ContentsXSV);
            warn("[Flow] : Loaded API_P from github");

            loadsource(SourceXS);
        else
            warn("[Flow] : Loaded API_P from device and NOT github");

            loadsource(APISource);
        end;
    else
        Kick("isfolder obj failed, try rejoin before report bug");
    end;
end;


--[[
if game:GetService("CoreGui"):FindFirstChild("Debug") then game:GetService("CoreGui")["Debug"]:Destroy(); end;
GG["Module"] = loadstring(game:HttpGet("https://raw.githubusercontent.com/Yumiara/DebugLibraryUIX/main/Library.lua"))(); game:GetService("CoreGui"):WaitForChild("Debug").Enabled = false; GG["Module"]["Acrylic"].new(game:GetService("CoreGui"):WaitForChild("Debug"):WaitForChild("Frame")); GG["Module"]["Debug"]("Welcome", "Secret"); wait(1);
--]]


dwad_wru38dsjef_WAd34fowfdwfeifjwaCode_wdwdr3hr8r32r_dwad_wru38dsjef_WAd34fowfdwfeifjwaCode_wdwdr3hr8r32r=dwad_wru38dsjef_WAd34fowfdwfeifjwaCode_wdwdr3hr8r32r or dwad_wru38dsjef_WAd34fowfdwfeifjwaCode_wdwdr3hr8r32r or dwad_wru38dsjef_WAd34fowfdwfeifjwaCode_wdwdr3hr8r32r or 1; dwad_wru38dsjef_WAd34fowfdwfeifjwaCode_wdwdr3hr8r32r = dwad_wru38dsjef_WAd34fowfdwfeifjwaCode_wdwdr3hr8r32r; function dwad_wru38dsjef_WAd34fowfdwfeifjwaCode_wdwdr3hr8r32r2() return dwad_wru38dsjef_WAd34fowfdwfeifjwaCode_wdwdr3hr8r32r; end; dwad_wru38dsjef_WAd34fowfdwfeifjwaCode_wdwdr3hr8r32r = "o";dwad_wru38dsjef_WAd34fowfdwfeifjwaCode_wdwdr3hr8r32r_dwad_wru38dsjef_WAd34fowfdwfeifjwaCode_wdwdr3hr8r32r = dwad_wru38dsjef_WAd34fowfdwfeifjwaCode_wdwdr3hr8r32r or dwad_wru38dsjef_WAd34fowfdwfeifjwaCode_wdwdr3hr8r32r or dwad_wru38dsjef_WAd34fowfdwfeifjwaCode_wdwdr3hr8r32r or 1; dwad_wru38dsjef_WAd34fowfdwfeifjwaCode_wdwdr3hr8r32r = dwad_wru38dsjef_WAd34fowfdwfeifjwaCode_wdwdr3hr8r32r; function dwad_wru38dsjef_WAd34fowfdwfeifjwaCode_wdwdr3hr8r32r2() return dwad_wru38dsjef_WAd34fowfdwfeifjwaCode_wdwdr3hr8r32r; end; dwad_wru38dsjef_WAd34fowfdwfeifjwaCode_wdwdr3hr8r32r = "o";dwad_wru38dsjef_WAd34fowfdwfeifjwaCode_wdwdr3hr8r32r_dwad_wru38dsjef_WAd34fowfdwfeifjwaCode_wdwdr3hr8r32r = dwad_wru38dsjef_WAd34fowfdwfeifjwaCode_wdwdr3hr8r32r or dwad_wru38dsjef_WAd34fowfdwfeifjwaCode_wdwdr3hr8r32r or dwad_wru38dsjef_WAd34fowfdwfeifjwaCode_wdwdr3hr8r32r or 1; dwad_wru38dsjef_WAd34fowfdwfeifjwaCode_wdwdr3hr8r32r = dwad_wru38dsjef_WAd34fowfdwfeifjwaCode_wdwdr3hr8r32r; function dwad_wru38dsjef_WAd34fowfdwfeifjwaCode_wdwdr3hr8r32r2() return dwad_wru38dsjef_WAd34fowfdwfeifjwaCode_wdwdr3hr8r32r; end; dwad_wru38dsjef_WAd34fowfdwfeifjwaCode_wdwdr3hr8r32r = "o";dwad_wru38dsjef_WAd34fowfdwfeifjwaCode_wdwdr3hr8r32r_dwad_wru38dsjef_WAd34fowfdwfeifjwaCode_wdwdr3hr8r32r = dwad_wru38dsjef_WAd34fowfdwfeifjwaCode_wdwdr3hr8r32r or dwad_wru38dsjef_WAd34fowfdwfeifjwaCode_wdwdr3hr8r32r or dwad_wru38dsjef_WAd34fowfdwfeifjwaCode_wdwdr3hr8r32r or 1; dwad_wru38dsjef_WAd34fowfdwfeifjwaCode_wdwdr3hr8r32r = dwad_wru38dsjef_WAd34fowfdwfeifjwaCode_wdwdr3hr8r32r; function dwad_wru38dsjef_WAd34fowfdwfeifjwaCode_wdwdr3hr8r32r2() return dwad_wru38dsjef_WAd34fowfdwfeifjwaCode_wdwdr3hr8r32r; end; dwad_wru38dsjef_WAd34fowfdwfeifjwaCode_wdwdr3hr8r32r = "o";dwad_wru38dsjef_WAd34fowfdwfeifjwaCode_wdwdr3hr8r32r_dwad_wru38dsjef_WAd34fowfdwfeifjwaCode_wdwdr3hr8r32r = dwad_wru38dsjef_WAd34fowfdwfeifjwaCode_wdwdr3hr8r32r or dwad_wru38dsjef_WAd34fowfdwfeifjwaCode_wdwdr3hr8r32r or dwad_wru38dsjef_WAd34fowfdwfeifjwaCode_wdwdr3hr8r32r or 1; dwad_wru38dsjef_WAd34fowfdwfeifjwaCode_wdwdr3hr8r32r = dwad_wru38dsjef_WAd34fowfdwfeifjwaCode_wdwdr3hr8r32r; function dwad_wru38dsjef_WAd34fowfdwfeifjwaCode_wdwdr3hr8r32r2() return dwad_wru38dsjef_WAd34fowfdwfeifjwaCode_wdwdr3hr8r32r; end; dwad_wru38dsjef_WAd34fowfdwfeifjwaCode_wdwdr3hr8r32r = "o";dwad_wru38dsjef_WAd34fowfdwfeifjwaCode_wdwdr3hr8r32r_dwad_wru38dsjef_WAd34fowfdwfeifjwaCode_wdwdr3hr8r32r = dwad_wru38dsjef_WAd34fowfdwfeifjwaCode_wdwdr3hr8r32r or dwad_wru38dsjef_WAd34fowfdwfeifjwaCode_wdwdr3hr8r32r or dwad_wru38dsjef_WAd34fowfdwfeifjwaCode_wdwdr3hr8r32r or 1; dwad_wru38dsjef_WAd34fowfdwfeifjwaCode_wdwdr3hr8r32r = dwad_wru38dsjef_WAd34fowfdwfeifjwaCode_wdwdr3hr8r32r; function dwad_wru38dsjef_WAd34fowfdwfeifjwaCode_wdwdr3hr8r32r2() return dwad_wru38dsjef_WAd34fowfdwfeifjwaCode_wdwdr3hr8r32r; end; dwad_wru38dsjef_WAd34fowfdwfeifjwaCode_wdwdr3hr8r32r = "o";
dwad_wru38dsjef_WAd34fowfdwfeifjwaCode_wdwdr3hr8r32r_dwad_wru38dsjef_WAd34fowfdwfeifjwaCode_wdwdr3hr8r32r=dwad_wru38dsjef_WAd34fowfdwfeifjwaCode_wdwdr3hr8r32r or dwad_wru38dsjef_WAd34fowfdwfeifjwaCode_wdwdr3hr8r32r or dwad_wru38dsjef_WAd34fowfdwfeifjwaCode_wdwdr3hr8r32r or 1; dwad_wru38dsjef_WAd34fowfdwfeifjwaCode_wdwdr3hr8r32r = dwad_wru38dsjef_WAd34fowfdwfeifjwaCode_wdwdr3hr8r32r; function dwad_wru38dsjef_WAd34fowfdwfeifjwaCode_wdwdr3hr8r32r2() return dwad_wru38dsjef_WAd34fowfdwfeifjwaCode_wdwdr3hr8r32r; end; dwad_wru38dsjef_WAd34fowfdwfeifjwaCode_wdwdr3hr8r32r = "o";dwad_wru38dsjef_WAd34fowfdwfeifjwaCode_wdwdr3hr8r32r_dwad_wru38dsjef_WAd34fowfdwfeifjwaCode_wdwdr3hr8r32r = dwad_wru38dsjef_WAd34fowfdwfeifjwaCode_wdwdr3hr8r32r or dwad_wru38dsjef_WAd34fowfdwfeifjwaCode_wdwdr3hr8r32r or dwad_wru38dsjef_WAd34fowfdwfeifjwaCode_wdwdr3hr8r32r or 1; dwad_wru38dsjef_WAd34fowfdwfeifjwaCode_wdwdr3hr8r32r = dwad_wru38dsjef_WAd34fowfdwfeifjwaCode_wdwdr3hr8r32r; function dwad_wru38dsjef_WAd34fowfdwfeifjwaCode_wdwdr3hr8r32r2() return dwad_wru38dsjef_WAd34fowfdwfeifjwaCode_wdwdr3hr8r32r; end; dwad_wru38dsjef_WAd34fowfdwfeifjwaCode_wdwdr3hr8r32r = "o";dwad_wru38dsjef_WAd34fowfdwfeifjwaCode_wdwdr3hr8r32r_dwad_wru38dsjef_WAd34fowfdwfeifjwaCode_wdwdr3hr8r32r = dwad_wru38dsjef_WAd34fowfdwfeifjwaCode_wdwdr3hr8r32r or dwad_wru38dsjef_WAd34fowfdwfeifjwaCode_wdwdr3hr8r32r or dwad_wru38dsjef_WAd34fowfdwfeifjwaCode_wdwdr3hr8r32r or 1; dwad_wru38dsjef_WAd34fowfdwfeifjwaCode_wdwdr3hr8r32r = dwad_wru38dsjef_WAd34fowfdwfeifjwaCode_wdwdr3hr8r32r; function dwad_wru38dsjef_WAd34fowfdwfeifjwaCode_wdwdr3hr8r32r2() return dwad_wru38dsjef_WAd34fowfdwfeifjwaCode_wdwdr3hr8r32r; end; dwad_wru38dsjef_WAd34fowfdwfeifjwaCode_wdwdr3hr8r32r = "o";dwad_wru38dsjef_WAd34fowfdwfeifjwaCode_wdwdr3hr8r32r_dwad_wru38dsjef_WAd34fowfdwfeifjwaCode_wdwdr3hr8r32r = dwad_wru38dsjef_WAd34fowfdwfeifjwaCode_wdwdr3hr8r32r or dwad_wru38dsjef_WAd34fowfdwfeifjwaCode_wdwdr3hr8r32r or dwad_wru38dsjef_WAd34fowfdwfeifjwaCode_wdwdr3hr8r32r or 1; dwad_wru38dsjef_WAd34fowfdwfeifjwaCode_wdwdr3hr8r32r = dwad_wru38dsjef_WAd34fowfdwfeifjwaCode_wdwdr3hr8r32r; function dwad_wru38dsjef_WAd34fowfdwfeifjwaCode_wdwdr3hr8r32r2() return dwad_wru38dsjef_WAd34fowfdwfeifjwaCode_wdwdr3hr8r32r; end; dwad_wru38dsjef_WAd34fowfdwfeifjwaCode_wdwdr3hr8r32r = "o";dwad_wru38dsjef_WAd34fowfdwfeifjwaCode_wdwdr3hr8r32r_dwad_wru38dsjef_WAd34fowfdwfeifjwaCode_wdwdr3hr8r32r = dwad_wru38dsjef_WAd34fowfdwfeifjwaCode_wdwdr3hr8r32r or dwad_wru38dsjef_WAd34fowfdwfeifjwaCode_wdwdr3hr8r32r or dwad_wru38dsjef_WAd34fowfdwfeifjwaCode_wdwdr3hr8r32r or 1; dwad_wru38dsjef_WAd34fowfdwfeifjwaCode_wdwdr3hr8r32r = dwad_wru38dsjef_WAd34fowfdwfeifjwaCode_wdwdr3hr8r32r; function dwad_wru38dsjef_WAd34fowfdwfeifjwaCode_wdwdr3hr8r32r2() return dwad_wru38dsjef_WAd34fowfdwfeifjwaCode_wdwdr3hr8r32r; end; dwad_wru38dsjef_WAd34fowfdwfeifjwaCode_wdwdr3hr8r32r = "o";dwad_wru38dsjef_WAd34fowfdwfeifjwaCode_wdwdr3hr8r32r_dwad_wru38dsjef_WAd34fowfdwfeifjwaCode_wdwdr3hr8r32r = dwad_wru38dsjef_WAd34fowfdwfeifjwaCode_wdwdr3hr8r32r or dwad_wru38dsjef_WAd34fowfdwfeifjwaCode_wdwdr3hr8r32r or dwad_wru38dsjef_WAd34fowfdwfeifjwaCode_wdwdr3hr8r32r or 1; dwad_wru38dsjef_WAd34fowfdwfeifjwaCode_wdwdr3hr8r32r = dwad_wru38dsjef_WAd34fowfdwfeifjwaCode_wdwdr3hr8r32r; function dwad_wru38dsjef_WAd34fowfdwfeifjwaCode_wdwdr3hr8r32r2() return dwad_wru38dsjef_WAd34fowfdwfeifjwaCode_wdwdr3hr8r32r; end; dwad_wru38dsjef_WAd34fowfdwfeifjwaCode_wdwdr3hr8r32r = "o";
dwad_wru38dsjef_WAd34fowfdwfeifjwaCode_wdwdr3hraaaaaaaaaaaaaaaaaaaaaaaaaaaaaaaaaaaaaaa8r32r_dwad_wru38dsjef_WAd34fowfdwfeifjwaCode_wdwdr3hr8r32r=dwad_wru38dsjef_WAd34fowfdwfeifjwaCode_wdwdr3hr8r32r or dwad_wru38dsjef_WAd34fowfdwfeifjwaCode_wdwdr3hr8r32r or dwad_wru38dsjef_WAd34fowfdwfeifjwaCode_wdwdr3hr8r32r or 1; dwad_wru38dsjef_WAd34fowfdwfeifjwaCode_wdwdr3hr8r32r = dwad_wru38dsjef_WAd34fowfdwfeifjwaCode_wdwdr3hr8r32r; function dwad_wru38dsjef_WAd34fowfdwfeifjwaCode_wdwdr3hr8r32r2() return dwad_wru38dsjef_WAd34fowfdwfeifjwaCode_wdwdr3hr8r32r; end; dwad_wru38dsjef_WAd34fowfdwfeifjwaCode_wdwdr3hr8r32r = "o";dwad_wru38dsjef_WAd34fowfdwfeifjwaCode_wdwdr3hr8r32r_dwad_wru38dsjef_WAd34fowfdwfeifjwaCode_wdwdr3hr8r32r = dwad_wru38dsjef_WAd34fowfdwfeifjwaCode_wdwdr3hr8r32r or dwad_wru38dsjef_WAd34fowfdwfeifjwaCode_wdwdr3hr8r32r or dwad_wru38dsjef_WAd34fowfdwfeifjwaCode_wdwdr3hr8r32r or 1; dwad_wru38dsjef_WAd34fowfdwfeifjwaCode_wdwdr3hr8r32r = dwad_wru38dsjef_WAd34fowfdwfeifjwaCode_wdwdr3hr8r32r; function dwad_wru38dsjef_WAd34fowfdwfeifjwaCode_wdwdr3hr8r32r2() return dwad_wru38dsjef_WAd34fowfdwfeifjwaCode_wdwdr3hr8r32r; end; dwad_wru38dsjef_WAd34fowfdwfeifjwaCode_wdwdr3hr8r32r = "o";dwad_wru38dsjef_WAd34fowfdwfeifjwaCode_wdwdr3hr8r32r_dwad_wru38dsjef_WAd34fowfdwfeifjwaCode_wdwdr3hr8r32r = dwad_wru38dsjef_WAd34fowfdwfeifjwaCode_wdwdr3hr8r32r or dwad_wru38dsjef_WAd34fowfdwfeifjwaCode_wdwdr3hr8r32r or dwad_wru38dsjef_WAd34fowfdwfeifjwaCode_wdwdr3hr8r32r or 1; dwad_wru38dsjef_WAd34fowfdwfeifjwaCode_wdwdr3hr8r32r = dwad_wru38dsjef_WAd34fowfdwfeifjwaCode_wdwdr3hr8r32r; function dwad_wru38dsjef_WAd34fowfdwfeifjwaCode_wdwdr3hr8r32r2() return dwad_wru38dsjef_WAd34fowfdwfeifjwaCode_wdwdr3hr8r32r; end; dwad_wru38dsjef_WAd34fowfdwfeifjwaCode_wdwdr3hr8r32r = "o";dwad_wru38dsjef_WAd34fowfdwfeifjwaCode_wdwdr3hr8r32r_dwad_wru38dsjef_WAd34fowfdwfeifjwaCode_wdwdr3hr8r32r = dwad_wru38dsjef_WAd34fowfdwfeifjwaCode_wdwdr3hr8r32r or dwad_wru38dsjef_WAd34fowfdwfeifjwaCode_wdwdr3hr8r32r or dwad_wru38dsjef_WAd34fowfdwfeifjwaCode_wdwdr3hr8r32r or 1; dwad_wru38dsjef_WAd34fowfdwfeifjwaCode_wdwdr3hr8r32r = dwad_wru38dsjef_WAd34fowfdwfeifjwaCode_wdwdr3hr8r32r; function dwad_wru38dsjef_WAd34fowfdwfeifjwaCode_wdwdr3hr8r32r2() return dwad_wru38dsjef_WAd34fowfdwfeifjwaCode_wdwdr3hr8r32r; end; dwad_wru38dsjef_WAd34fowfdwfeifjwaCode_wdwdr3hr8r32r = "o";dwad_wru38dsjef_WAd34fowfdwfeifjwaCode_wdwdr3hr8r32r_dwad_wru38dsjef_WAd34fowfdwfeifjwaCode_wdwdr3hr8r32r = dwad_wru38dsjef_WAd34fowfdwfeifjwaCode_wdwdr3hr8r32r or dwad_wru38dsjef_WAd34fowfdwfeifjwaCode_wdwdr3hr8r32r or dwad_wru38dsjef_WAd34fowfdwfeifjwaCode_wdwdr3hr8r32r or 1; dwad_wru38dsjef_WAd34fowfdwfeifjwaCode_wdwdr3hr8r32r = dwad_wru38dsjef_WAd34fowfdwfeifjwaCode_wdwdr3hr8r32r; function dwad_wru38dsjef_WAd34fowfdwfeifjwaCode_wdwdr3hr8r32r2() return dwad_wru38dsjef_WAd34fowfdwfeifjwaCode_wdwdr3hr8r32r; end; dwad_wru38dsjef_WAd34fowfdwfeifjwaCode_wdwdr3hr8r32r = "o";dwad_wru38dsjef_WAd34fowfdwfeifjwaCode_wdwdr3hr8r32r_dwad_wru38dsjef_WAd34fowfdwfeifjwaCode_wdwdr3hr8r32r = dwad_wru38dsjef_WAd34fowfdwfeifjwaCode_wdwdr3hr8r32r or dwad_wru38dsjef_WAd34fowfdwfeifjwaCode_wdwdr3hr8r32r or dwad_wru38dsjef_WAd34fowfdwfeifjwaCode_wdwdr3hr8r32r or 1; dwad_wru38dsjef_WAd34fowfdwfeifjwaCode_wdwdr3hr8r32r = dwad_wru38dsjef_WAd34fowfdwfeifjwaCode_wdwdr3hr8r32r; function dwad_wru38dsjef_WAd34fowfdwfeifjwaCode_wdwdr3hr8r32r2() return dwad_wru38dsjef_WAd34fowfdwfeifjwaCode_wdwdr3hr8r32r; end; dwad_wru38dsjef_WAd34fowfdwfeifjwaCode_wdwdr3hr8r32r = "o";dwad_wru38dsjef_WAd34fowfdwfeifjwaCode_wdwdr3hr8r32r_dwad_wru38dsjef_WAd34fowfdwfeifjwaCode_wdwdr3hr8r32r = dwad_wru38dsjef_WAd34fowfdwfeifjwaCode_wdwdr3hr8r32r or dwad_wru38dsjef_WAd34fowfdwfeifjwaCode_wdwdr3hr8r32r or dwad_wru38dsjef_WAd34fowfdwfeifjwaCode_wdwdr3hr8r32r or 1; dwad_wru38dsjef_WAd34fowfdwfeifjwaCode_wdwdr3hr8r32r = dwad_wru38dsjef_WAd34fowfdwfeifjwaCode_wdwdr3hr8r32r; function dwad_wru38dsjef_WAd34fowfdwfeifjwaCode_wdwdr3hr8r32r2() return dwad_wru38dsjef_WAd34fowfdwfeifjwaCode_wdwdr3hr8r32r; end; dwad_wru38dsjef_WAd34fowfdwfeifjwaCode_wdwdr3hr8r32r = "o";
function fuck() return dwad_wru38dsjef_WAd34fowfdwfeifjwaCode_wdwdr3hraaaaaaaaaaaaaaaaaaaaaaaaaaaaaaaaaaaaaaa8r32r_dwad_wru38dsjef_WAd34fowfdwfeifjwaCode_wdwdr3hr8r32r; end;dwad_wru38dsjef_WAd34fowfdwfeifjwaCode_wdwdr3hraaaaaaaaaaaaagreger435435435435435345345435435435435435345345435435aaaaaaaaaaaaaaaaaaaaaaaaaa8r32r_dwad_wru38dsjef_WAd34fowfdwfeifjwaCode_wdwdr3hr8r32r=dwad_wru38dsjef_WAd34fowfdwfeifjwaCode_wdwdr3hr8r32r or dwad_wru38dsjef_WAd34fowfdwfeifjwaCode_wdwdr3hr8r32r or dwad_wru38dsjef_WAd34fowfdwfeifjwaCode_wdwdr3hr8r32r or 1; dwad_wru38dsjef_WAd34fowfdwfeifjwaCode_wdwdr3hr8r32r = dwad_wru38dsjef_WAd34fowfdwfeifjwaCode_wdwdr3hr8r32r; function dwad_wru38dsjef_WAd34fowfdwfeifjwaCode_wdwdr3hr8r32r2() return dwad_wru38dsjef_WAd34fowfdwfeifjwaCode_wdwdr3hr8r32r; end; dwad_wru38dsjef_WAd34fowfdwfeifjwaCode_wdwdr3hr8r32r = "o";
dwad_wru38dsjef_WAd34fowfdwfeifjwaCode_wdwdr3hr8r32r_dwad_wru38dsjef_WAd34fowfdwfeifjwaCode_wdwdr3hr8r32r = dwad_wru38dsjef_WAd34fowfdwfeifjwaCode_wdwdr3hr8r32r or dwad_wru38dsjef_WAd34fowfdwfeifjwaCode_wdwdr3hr8r32r or dwad_wru38dsjef_WAd34fowfdwfeifjwaCode_wdwdr3hr8r32r or 1; dwad_wru38dsjef_WAd34fowfdwfeifjwaCode_wdwdr3hr8r32r = dwad_wru38dsjef_WAd34fowfdwfeifjwaCode_wdwdr3hr8r32r; function dwad_wru38dsjef_WAd34fowfdwfeifjwaCode_wdwdr3hr8r32r2() return dwad_wru38dsjef_WAd34fowfdwfeifjwaCode_wdwdr3hr8r32r; end; dwad_wru38dsjef_WAd34fowfdwfeifjwaCode_wdwdr3hr8r32r = "o";dwad_wru38dsjef_WAd34fowfdwfeifjwaCode_wdwdr3hr8r32r_dwad_wru38dsjef_WAd34fowfdwfeifjwaCode_wdwdr3hr8r32r = dwad_wru38dsjef_WAd34fowfdwfeifjwaCode_wdwdr3hr8r32r or dwad_wru38dsjef_WAd34fowfdwfeifjwaCode_wdwdr3hr8r32r or dwad_wru38dsjef_WAd34fowfdwfeifjwaCode_wdwdr3hr8r32r or 1; dwad_wru38dsjef_WAd34fowfdwfeifjwaCode_wdwdr3hr8r32r = dwad_wru38dsjef_WAd34fowfdwfeifjwaCode_wdwdr3hr8r32r; function dwad_wru38dsjef_WAd34fowfdwfeifjwaCode_wdwdr3hr8r32r2() return dwad_wru38dsjef_WAd34fowfdwfeifjwaCode_wdwdr3hr8r32r; end; dwad_wru38dsjef_WAd34fowfdwfeifjwaCode_wdwdr3hr8r32r = "o";
dwad_wru38dsjef_WAd34fowfdwfeifjwaCode_wdwdr3hr8r32r_dwad_wru38dsjef_WAd34fowfdwfeifjwaCode_wdwdr3hr8r32r = dwad_wru38dsjef_WAd34fowfdwfeifjwaCode_wdwdr3hr8r32r or dwad_wru38dsjef_WAd34fowfdwfeifjwaCode_wdwdr3hr8r32r or dwad_wru38dsjef_WAd34fowfdwfeifjwaCode_wdwdr3hr8r32r or 1; dwad_wru38dsjef_WAd34fowfdwfeifjwaCode_wdwdr3hr8r32r = dwad_wru38dsjef_WAd34fowfdwfeifjwaCode_wdwdr3hr8r32r; function dwad_wru38dsjef_WAd34fowfdwfeifjwaCode_wdwdr3hr8r32r2() return dwad_wru38dsjef_WAd34fowfdwfeifjwaCode_wdwdr3hr8r32r; end; dwad_wru38dsjef_WAd34fowfdwfeifjwaCode_wdwdr3hr8r32r = "o";
dwad_wru38dsjef_WAd34fowfdwfeifjwaCode_wdwdr3hr8r32r_dwad_wru38dsjef_WAd34fowfdwfeifjwaCode_wdwdr3hr8r32r = dwad_wru38dsjef_WAd34fowfdwfeifjwaCode_wdwdr3hr8r32r or dwad_wru38dsjef_WAd34fowfdwfeifjwaCode_wdwdr3hr8r32r or dwad_wru38dsjef_WAd34fowfdwfeifjwaCode_wdwdr3hr8r32r or 1; dwad_wru38dsjef_WAd34fowfdwfeifjwaCode_wdwdr3hr8r32r = dwad_wru38dsjef_WAd34fowfdwfeifjwaCode_wdwdr3hr8r32r; function dwad_wru38dsjef_WAd34fowfdwfeifjwaCode_wdwdr3hr8r32r2() return dwad_wru38dsjef_WAd34fowfdwfeifjwaCode_wdwdr3hr8r32r; end; dwad_wru38dsjef_WAd34fowfdwfeifjwaCode_wdwdr3hr8r32r = "o";
dwad_wru38dsjef_WAd34fowfdwfeifjwaCode_wdwdr3hr8r32r_dwad_wru38dsjef_WAd34fowfdwfeifjwaCode_wdwdr3hr8r32r = dwad_wru38dsjef_WAd34fowfdwfeifjwaCode_wdwdr3hr8r32r or dwad_wru38dsjef_WAd34fowfdwfeifjwaCode_wdwdr3hr8r32r or dwad_wru38dsjef_WAd34fowfdwfeifjwaCode_wdwdr3hr8r32r or 1; dwad_wru38dsjef_WAd34fowfdwfeifjwaCode_wdwdr3hr8r32r = dwad_wru38dsjef_WAd34fowfdwfeifjwaCode_wdwdr3hr8r32r; function dwad_wru38dsjef_WAd34fowfdwfeifjwaCode_wdwdr3hr8r32r2() return dwad_wru38dsjef_WAd34fowfdwfeifjwaCode_wdwdr3hr8r32r; end; dwad_wru38dsjef_WAd34fowfdwfeifjwaCode_wdwdr3hr8r32r = "o";dwad_wru38dsjef_WAd34fowfdwfeifjwaCode_wdwdr3hr8r32r_dwad_wru38dsjef_WAd34fowfdwfeifjwaCode_wdwdr3hr8r32r = dwad_wru38dsjef_WAd34fowfdwfeifjwaCode_wdwdr3hr8r32r or dwad_wru38dsjef_WAd34fowfdwfeifjwaCode_wdwdr3hr8r32r or dwad_wru38dsjef_WAd34fowfdwfeifjwaCode_wdwdr3hr8r32r or 1; dwad_wru38dsjef_WAd34fowfdwfeifjwaCode_wdwdr3hr8r32r = dwad_wru38dsjef_WAd34fowfdwfeifjwaCode_wdwdr3hr8r32r; function dwad_wru38dsjef_WAd34fowfdwfeifjwaCode_wdwdr3hr8r32r2() return dwad_wru38dsjef_WAd34fowfdwfeifjwaCode_wdwdr3hr8r32r; end; dwad_wru38dsjef_WAd34fowfdwfeifjwaCode_wdwdr3hr8r32r = "o";
dwad_wru38dsjef_WAd34fowfdwfeifjwaCode_wdwdr3hr8r32r_dwad_wru38dsjef_WAd34fowfdwfeifjwaCode_wdwdr3hr8r32r = dwad_wru38dsjef_WAd34fowfdwfeifjwaCode_wdwdr3hr8r32r or dwad_wru38dsjef_WAd34fowfdwfeifjwaCode_wdwdr3hr8r32r or dwad_wru38dsjef_WAd34fowfdwfeifjwaCode_wdwdr3hr8r32r or 1; dwad_wru38dsjef_WAd34fowfdwfeifjwaCode_wdwdr3hr8r32r = dwad_wru38dsjef_WAd34fowfdwfeifjwaCode_wdwdr3hr8r32r; function dwad_wru38dsjef_WAd34fowfdwfeifjwaCode_wdwdr3hr8r32r2() return dwad_wru38dsjef_WAd34fowfdwfeifjwaCode_wdwdr3hr8r32r; end; dwad_wru38dsjef_WAd34fowfdwfeifjwaCode_wdwdr3hr8r32r = "o";
dwad_wru38dsjef_WAd34fowfdwfeifjwaCode_wdwdr3hr8r32r_dwad_wru38dsjef_WAd34fowfdwfeifjwaCode_wdwdr3hr8r32r = dwad_wru38dsjef_WAd34fowfdwfeifjwaCode_wdwdr3hr8r32r or dwad_wru38dsjef_WAd34fowfdwfeifjwaCode_wdwdr3hr8r32r or dwad_wru38dsjef_WAd34fowfdwfeifjwaCode_wdwdr3hr8r32r or 1; dwad_wru38dsjef_WAd34fowfdwfeifjwaCode_wdwdr3hr8r32r = dwad_wru38dsjef_WAd34fowfdwfeifjwaCode_wdwdr3hr8r32r; function dwad_wru38dsjef_WAd34fowfdwfeifjwaCode_wdwdr3hr8r32r2() return dwad_wru38dsjef_WAd34fowfdwfeifjwaCode_wdwdr3hr8r32r; end; dwad_wru38dsjef_WAd34fowfdwfeifjwaCode_wdwdr3hr8r32r = "o";dwad_wru38dsjef_WAd34fowfdwfeifjwaCode_wdwdr3hr8r32r_dwad_wru38dsjef_WAd34fowfdwfeifjwaCode_wdwdr3hr8r32r = dwad_wru38dsjef_WAd34fowfdwfeifjwaCode_wdwdr3hr8r32r or dwad_wru38dsjef_WAd34fowfdwfeifjwaCode_wdwdr3hr8r32r or dwad_wru38dsjef_WAd34fowfdwfeifjwaCode_wdwdr3hr8r32r or 1; dwad_wru38dsjef_WAd34fowfdwfeifjwaCode_wdwdr3hr8r32r = dwad_wru38dsjef_WAd34fowfdwfeifjwaCode_wdwdr3hr8r32r; function dwad_wru38dsjef_WAd34fowfdwfeifjwaCode_wdwdr3hr8r32r2() return dwad_wru38dsjef_WAd34fowfdwfeifjwaCode_wdwdr3hr8r32r; end; dwad_wru38dsjef_WAd34fowfdwfeifjwaCode_wdwdr3hr8r32r = "o";
dwad_wru38dsjef_WAd34fowfdwfeifjwaCode_wdwdr3hr8r32r_dwad_wru38dsjef_WAd34fowfdwfeifjwaCode_wdwdr3hr8r32r = dwad_wru38dsjef_WAd34fowfdwfeifjwaCode_wdwdr3hr8r32r or dwad_wru38dsjef_WAd34fowfdwfeifjwaCode_wdwdr3hr8r32r or dwad_wru38dsjef_WAd34fowfdwfeifjwaCode_wdwdr3hr8r32r or 1; dwad_wru38dsjef_WAd34fowfdwfeifjwaCode_wdwdr3hr8r32r = dwad_wru38dsjef_WAd34fowfdwfeifjwaCode_wdwdr3hr8r32r; function dwad_wru38dsjef_WAd34fowfdwfeifjwaCode_wdwdr3hr8r32r2() return dwad_wru38dsjef_WAd34fowfdwfeifjwaCode_wdwdr3hr8r32r; end; dwad_wru38dsjef_WAd34fowfdwfeifjwaCode_wdwdr3hr8r32r = "o";
dwad_wru38dsjef_WAd34fowfdwfeifjwaCode_wdwdr3hr8r32r_dwad_wru38dsjef_WAd34fowfdwfeifjwaCode_wdwdr3hr8r32r = dwad_wru38dsjef_WAd34fowfdwfeifjwaCode_wdwdr3hr8r32r or dwad_wru38dsjef_WAd34fowfdwfeifjwaCode_wdwdr3hr8r32r or dwad_wru38dsjef_WAd34fowfdwfeifjwaCode_wdwdr3hr8r32r or 1; dwad_wru38dsjef_WAd34fowfdwfeifjwaCode_wdwdr3hr8r32r = dwad_wru38dsjef_WAd34fowfdwfeifjwaCode_wdwdr3hr8r32r; function dwad_wru38dsjef_WAd34fowfdwfeifjwaCode_wdwdr3hr8r32r2() return dwad_wru38dsjef_WAd34fowfdwfeifjwaCode_wdwdr3hr8r32r; end; dwad_wru38dsjef_WAd34fowfdwfeifjwaCode_wdwdr3hr8r32r = "o";
